0000000000000000000000000000000000000000000000000000000000000000
0000000000000000000000000000000000000000000000000000000000000000
1100001100000000000000000000000011110000000000000000000000000000
1100001100000000000000000000000001100000000000000000000000000000
1100001100000000000000000000000001100000000000000000000000000000
0110011001111100110011000000000001100000011111000111110001111100
0011110011000110110011000000000001100000110001101100011011000110
0001100011000110110011000000000001100000110001100110000011111110
0001100011000110110011000000000001100000110001100011100011000000
0001100011000110110011000000000001100010110001100000110011000000
0001100011000110110011000000000001100110110001101100011011000110
0011110001111100011101100000000011111110011111000111110001111100
0000000000000000000000000000000000000000000000000000000000000000
0000000000000000000000000000000000000000000000000000000000000000
0000000000000000000000000000000000000000000000000000000000000000
0000000000000000000000000000000000000000000000000000000000000000