0000000000000000000000000000000000000000000000000000000000000000
0000000000000000000000000000000000000000000000000000000000000000
1100001100000000000000000000000011000011000110000000000000011000
1100001100000000000000000000000011000011000110000000000000111100
1100001100000000000000000000000011000011000000000000000000111100
0110011001111100110011000000000011000011001110001101110000111100
0011110011000110110011000000000011000011000110000110011000011000
0001100011000110110011000000000011011011000110000110011000011000
0001100011000110110011000000000011011011000110000110011000011000
0001100011000110110011000000000011111111000110000110011000000000
0001100011000110110011000000000001100110000110000110011000011000
0011110001111100011101100000000001100110001111000110011000011000
0000000000000000000000000000000000000000000000000000000000000000
0000000000000000000000000000000000000000000000000000000000000000
0000000000000000000000000000000000000000000000000000000000000000
0000000000000000000000000000000000000000000000000000000000000000